7826740795
6320002223
6317128177
7447206438
3706011433
7729592750
5607141442
4218107013
7449006730
6671156423
6150003065
5614070520
2407108327
133458665
6220560046
6164305098
7811473949
4205189322
2709001590
6678043436
7415029289
7401011796
0245014096
0255010527
0256006322
2208001977
5247004695
1435079640
7812000180
6662086875
7701108020
6686038704
2463077325
7708117908
7726056454
5257005049
4704003654
6449023798
7802170835
6674141866
4632279918
5262130486
3123133006
7703733903
2125000440
7709478470
7327002626
7814096488
6321124263
2127017009
7810213056
8801002815
7721040281
7456000761
7726625380
7451017899
7118018781
5257003806
7717647926
5260083600
5403147894
5501004870
7801004803
5902133738
5916000030
7810218209
6660124194
5027070220
7452030719
5407237690
6674120898
7810114778
5029090038
6318100022
6661000071
7718122921
6671197148
4234001215
0277053980
4715019631
6312068238
6625032977
3810044308
4205233966
5011002143
6449025820
5018205784
4214000693
8603115133
7627004568
6623009965
5907003115
6659032534
7713043056
7705599668
7735001719
0276029920
7710050305
7453095395
3528010612
2128000600
7447010227
7447063370
5001112612
5029096054
7702721214
7731140006
7704188023
7606002055
7606037918
5505204171
5036123157
7728690708
7423013290
7448067392
7709937170
3664050935
7709153722
2222067200
7713724680
6625032977
7805534618
3801049243
6623071579
5190165656
7448022480
5008057801
6311077367
6318171263
7424004570
7805366530
7704631615
7743748102
7701108020
5503095632
6670056070
1831063562
5837001496
6670324883
7723589542
7453153978
7721238838
6439067179
4346013787
7802109735
3652000930
6451114805
7445024746
7451295889
7424022191
2404008640
2466102234
7709559850
7729516879
7710565583
7813423799
5610082571
4706000472
7721550885
4205043066
6318169948
6674351655
7810150007
2224083649
6671317617
6674333261
3250503098
2526007108
6674092513
7130503801
6829001913
5920035290
7804062433
5405372045
6311040840
7722524310
2411016040
6674378262
6660142570
7456000867
7449030652
2115901990
5407159273
6454130019
3812144403
7447037162
6439038107
7445021008
7826706931
6685039952
7451261840
6674332148
7703068485
7447125718
7807384005
6729029898
3805100042
3435000467
7704784450
3702047005
4209001839
5022014060
7810243004
4632001454
7414001428
7825428840
7203158282
3528090760
5904119383
7107067346
5606000223
5009096144
7453184126
7447181092
8603219414
3662267555
6671356020
7450059310
5752010999
4909098488
6686075505
6670351012
2464217078
6672134729
7810431907
3444271600
5406981240
6376023761
7715983560
3663101369
6154154555
3123402805
7720535919
7604274208
3128112680
5321158165
5405952938
7814512650
3102043584
3662277578
7603061292
2458011030
7816650408
6168028279
6679038566
2309174856
4214000608
244563305662
7602000794
402126426592
364419304624
386995405101
343923820300
333805005362
334130920319
384933520300
365693905109
329958116012 
312803826571
6671005640
6659145175
6660003190
6731002766
1207021256
