7710944824
7826740795
6320002223
6317128177
7447206438
3706011433
7729592750
5607141442
4218107013
7449006730
6671156423
6150003065
5614070520
2407108327
133458665
6220560046
6164305098
7811473949
4205189322
2709001590
6678043436
7415029289
7401011796
0245014096
0255010527
0256006322
2208001977
5247004695
1435079640
7812000180
6662086875
7701108020
6686038704
2463077325
7708117908
7726056454
5257005049
4704003654
6449023798
7802170835
6674141866
4632279918
5262130486
3123133006
7703733903
2125000440
7709478470
7327002626
7814096488
6321124263
2127017009
7810213056
8801002815
7721040281
7456000761
7726625380
7451017899
7118018781
5257003806
7717647926
5260083600
5403147894
5501004870
7801004803
5902133738
5916000030
7810218209
6660124194
5027070220
7452030719
5407237690
6674120898
7810114778
5029090038
6318100022
6661000071
7718122921
6671197148
4234001215
0277053980
4715019631
6312068238
6625032977
3810044308
4205233966
5011002143
6449025820
5018205784
4214000693
8603115133
7627004568
6623009965
5907003115
6659032534
7713043056
7705599668
7735001719
0276029920
7710050305
7453095395
3528010612
2128000600
7447010227
7447063370
5001112612
5029096054
7702721214
7731140006
7704188023
7606002055
7606037918
5505204171
5036123157
7728690708
7423013290
7448067392
7709937170
3664050935
7709153722
2222067200
7713724680
6625032977
7805534618
3801049243
6623071579
5190165656
7448022480
5008057801
6311077367
6318171263
7424004570
7805366530
7704631615
7743748102
7701108020
5503095632
6670056070
1831063562
5837001496
6670324883
7723589542
7453153978
7721238838
6439067179
4346013787
7802109735
3652000930
6451114805
7445024746
7451295889
7424022191
2404008640
2466102234
7709559850
7729516879
7710565583
7813423799
5610082571
4706000472
7721550885
4205043066
6318169948
6674351655
7810150007
2224083649
6671317617
6674333261
3250503098
2526007108
6674092513
7130503801
6829001913
5920035290
7804062433
5405372045
6311040840
7722524310
2411016040
6674378262
6660142570
7456000867
7449030652
2115901990
5407159273
6454130019
3812144403
7447037162
6439038107
7445021008
7826706931
6685039952
7451261840
6674332148
7703068485
7447125718
7807384005
6729029898
3805100042
3435000467
7704784450
3702047005
4209001839
5022014060
7810243004
4632001454
7414001428
7825428840
7203158282
3528090760
5904119383
7107067346
5606000223
5009096144
7453184126
7447181092
8603219414
3662267555
6671356020
7450059310
5752010999
4909098488
6686075505
6670351012
2464217078
6672134729
7810431907
3444271600
5406981240
6376023761
7715983560
3663101369
6154154555
3123402805
7720535919
7604274208
3128112680
5321158165
5405952938
7814512650
3102043584
3662277578
7603061292
2458011030
7816650408
6168028279
6679038566
2309174856
4214000608
244563305662
7602000794
402126426592
364419304624
386995405101
343923820300
333805005362
334130920319
384933520300
365693905109
329958116012 
312803826571
6671005640
6659145175
6660003190
6731002766
1207021256
7710753570
5050106160
6670263479
5260235677
6684033027
6686078369
6671329933
5406559984
6671094576
3444171589
7806480404
4825110957
5029172971
6659192016
3461066016
5012067658
6150065128
6140026514
3665805219
3305061349
6670031407
5528015396
3811154896
7704425732
6318235365
2308156597
0277132818
5260450970
7448220844
5036159393
3523015783
7452018415
6686058764
6166071984
7728884541
7733865738
7811568132
2724187491
2222053230
2466263633
2901263175
5035041409
7714857844
6731074947
7733570910
7104055575
2538147685
6671024882
5410050893
5009080320
5409235603
6658205551
7723498310
7448130622
5027126176
6673241730
4205207613
3702640430
5257133080
5405463750
7449075036
7445038107
0276058738
7447164700
7810088119
2222792664
5406259290
7805509996
2461208124
7725512538
7448131930
7811079533
8609004214
6612042431
3702315624
5754006317
1434044725
5403215375
7813465573
7801397551
4028041050
6685012460
3808148807
7452096220
7728807593
7718847893
3702562207
7811545745
7716595440
7702567315
7814613087
1835049657
2902057873
3616020384
3102205080
3123301532
7415092393
7728592010
5406661089
2222834748
3801102923
1841060722
7805375118
7105057818
3661021750
6451008973
3812157931
5403046695
7445033660
7452047840
6027154175
0274911439
3811133960
7726189888
0268061769
7840408623
0278114628
7724679816
7726045075
5405273510
5249043509
3812127630
3812132260
6324003757
7826019311
7814343000
7603040609
2223623411
0278144703
4202026601
3812094382
6730077222
7451295053
7106056479
6161055210
5753042866
7723751072
1831126332
7743785400
7447245959
3241012505
2130130043
7708350502
4345441645
6319231941
1660182623
7715573620
5029248130
6623125672
3329046195
5001084789
7801645606
7801657111
7451374097
4345445470
7825014832
5024168957
5406795815
6324058604
6659061180
6732000634
4217102887
0278130250
7716590120
7734619622
3444216906
7707524890
3435309696
5405279014
6829136396
7810617556
3665038271
7448210170
5260462510
7453196280
7448215555
7422047240
2537124903
5409239238
7404009160
7701849807
7816634050
5405447519
3812085973
3328485440
1658121937
5240003639
2130037372
5005032044
7723610378
1831149347
2508056938
3812062550
5404151283
5504109736
5040094597
5433190150
6686058330
6670493070
7731459321
3665131680
5410072664
7715526316
7804495525
5257058019
3664223747
2465289580
3334013220
0278169095
7814662101
7721485763
7610103419
7805645043
3661058277
6166093353
7735543687
3663099896
7604225049
7717688827
2465139383
3525354566
5904300600
7733298398
3663080341
6678036929
6679095282
3304009593
7810747481
7452041439
7720774547
5044024872
7724633280
2538139821
0570004254
7703660236
7716683872
7017212246
