6382080768
4632066691
6725000841
9718108430
6449070607
1829004048
3444049170
7826135188
7103019670
1655269276
5021013793
1653007780
7601001509
6439008938
7705370155
2453013555
5906088500
6670078772
4633024310
3128085941
2127009720
4217026234
6664014650
7721771323
6673116225
7450007746
7811000702
7718213569
7813348421
7725237190
4630012490
5257058379
6311162703
6318100431
7413009745
3435001301
5405418966
3123098584
2308033884
7709344220
7810246750
7733830622
6168000354
4205224930
5410035172
7705736184
7806357351
6678003306
7709294699
7610054634
3812135021
6627012976
7806123762
7801192307
7810093045
7707629942
7734047608
1328028538
6684040828
7716756094
7809003135
